12
0.1065064
0.1547344
0.1132416
0.0144221
0.1267270
0.1425127
0.0204041
0.0994821
0.0401707
0.0274624
0.1201590
0.0341775
0 68 52 66 74 19 76 81 69 12 123 14
68 0 65 61 58 6 82 100 79 63 124 15
52 65 0 40 19 73 39 4 54 95 125 16
66 61 40 0 97 36 63 55 90 36 126 17
74 58 19 97 0 67 59 10 91 42 127 18
19 6 73 36 67 0 54 81 64 99 128 19
76 82 39 63 59 54 0 100 15 96 129 20
81 100 4 55 10 81 100 0 23 69 130 21
69 79 54 90 91 64 15 23 0 100 131 22
12 63 95 36 42 99 96 69 100 0 132 23
123 124 125 126 127 128 129 130 131 132 0 24
14 15 16 17 18 19 20 21 22 23 24 0
