10
0.0024706
0.0000799
0.0034539
0.0037476
0.9806047
0.0010296
0.0005115
0.0026096
0.0022403
0.0032522
0 68 52 66 74 19 76 81 69 12
68 0 65 61 58 6 82 100 79 63
52 65 0 40 19 73 39 4 54 95
66 61 40 0 97 36 63 55 90 36
74 58 19 97 0 67 59 10 91 42
19 6 73 36 67 0 54 81 64 99
76 82 39 63 59 54 0 100 15 96
81 100 4 55 10 81 100 0 23 69
69 79 54 90 91 64 15 23 0 100
12 63 95 36 42 99 96 69 100 0
