18
0.0694195
0.0015502
0.0620426
0.0661071
0.1207333
0.0741190
0.0179081
0.0608426
0.0634600
0.1197266
0.0267876
0.0973820
0.0435961
0.0525857
0.0201905
0.0038595
0.0505630
0.0491265
0	68	52	66	74	19	76	81	69	12	123	14	20	109	435	129	3	193
68	0	65	61	58	6	82	100	79	63	124	15	21	110	436	130	4	194
52	65	0	40	19	73	39	4	54	95	125	16	22	111	437	131	5	195
66	61	40	0	97	36	63	55	90	36	126	17	23	112	438	132	6	196
74	58	19	97	0	67	59	10	91	42	127	18	24	113	439	133	7	197
19	6	73	36	67	0	54	81	64	99	128	19	25	114	440	134	8	198
76	82	39	63	59	54	0	100	15	96	129	20	26	115	441	135	9	199
81	100	4	55	10	81	100	0	23	69	130	21	27	116	442	136	10	200
69	79	54	90	91	64	15	23	0	100	131	22	28	117	443	137	11	201
12	63	95	36	42	99	96	69	100	0	132	23	29	118	444	138	12	202
123	124	125	126	127	128	129	130	131	132	0	24	30	119	445	139	13	203
14	15	16	17	18	19	20	21	22	23	24	0	31	120	446	140	14	204
20	21	22	23	24	25	26	27	28	29	30	31	0	121	447	141	15	205
109	110	111	112	113	114	115	116	117	118	119	120	121	0	448	142	16	206
435	436	437	438	439	440	441	442	443	444	445	446	447	448	0	143	17	207
129	130	131	132	133	134	135	136	137	138	139	140	141	142	143	0	18	208
3	4	5	6	7	8	9	10	11	12	13	14	15	16	17	18	0	209
193	194	195	196	197	198	199	200	201	202	203	204	205	206	207	208	209	0
