10
0.066083
0.130005
0.047922
0.057999
0.133498
0.103600
0.080783
0.118279
0.147303
0.114529
0 680000 520000 660000 740000 190000 760000 810000 690000 120000
680000 0 650000 610000 580000 60000 820000 1000000 790000 630000
520000 650000 0 400000 190000 730000 390000 40000 540000 950000
660000 610000 400000 0 970000 360000 630000 550000 900000 360000
740000 580000 190000 970000 0 670000 590000 100000 910000 420000
190000 60000 730000 360000 670000 0 540000 810000 640000 990000
760000 820000 390000 630000 590000 540000 0 1000000 150000 960000
810000 1000000 40000 550000 100000 810000 1000000 0 230000 690000
690000 790000 540000 900000 910000 640000 150000 230000 0 1000000
120000 630000 950000 360000 420000 990000 960000 690000 1000000 0

