20
0.0241012
0.0847796
0.0095712
0.0032256
0.0194634
0.0530201
0.0199080
0.0226523
0.0947978
0.0604988
0.0666315
0.0618451
0.0672768
0.0909048
0.0809945
0.0778117
0.0405917
0.0446331
0.0350673
0.0422256
0	680000	520000	660000	740000	190000	760000	810000	690000	120000	1230000	140000	200000	1090000	4350000	1290000	30000	1930000	2340000	2920000
680000	0	650000	610000	580000	60000	820000	1000000	790000	630000	1240000	150000	210000	1100000	4360000	1300000	40000	1940000	2350000	2930000
520000	650000	0	400000	190000	730000	390000	40000	540000	950000	1250000	160000	220000	1110000	4370000	1310000	50000	1950000	2360000	2940000
660000	610000	400000	0	970000	360000	630000	550000	900000	360000	1260000	170000	230000	1120000	4380000	1320000	60000	1960000	2370000	2950000
740000	580000	190000	970000	0	670000	590000	100000	910000	420000	1270000	180000	240000	1130000	4390000	1330000	70000	1970000	2380000	2960000
190000	60000	730000	360000	670000	0	540000	810000	640000	990000	1280000	190000	250000	1140000	4400000	1340000	80000	1980000	2390000	2970000
760000	820000	390000	630000	590000	540000	0	1000000	150000	960000	1290000	200000	260000	1150000	4410000	1350000	90000	1990000	2400000	2980000
810000	1000000	40000	550000	100000	810000	1000000	0	230000	690000	1300000	210000	270000	1160000	4420000	1360000	100000	2000000	2410000	2990000
690000	790000	540000	900000	910000	640000	150000	230000	0	1000000	1310000	220000	280000	1170000	4430000	1370000	110000	2010000	2420000	3000000
120000	630000	950000	360000	420000	990000	960000	690000	1000000	0	1320000	230000	290000	1180000	4440000	1380000	120000	2020000	2430000	3010000
1230000	1240000	1250000	1260000	1270000	1280000	1290000	1300000	1310000	1320000	0	240000	300000	1190000	4450000	1390000	130000	2030000	2440000	3020000
140000	150000	160000	170000	180000	190000	200000	210000	220000	230000	240000	0	310000	1200000	4460000	1400000	140000	2040000	2450000	3030000
200000	210000	220000	230000	240000	250000	260000	270000	280000	290000	300000	310000	0	1210000	4470000	1410000	150000	2050000	2460000	3040000
1090000	1100000	1110000	1120000	1130000	1140000	1150000	1160000	1170000	1180000	1190000	1200000	1210000	0	4480000	1420000	160000	2060000	2470000	3050000
4350000	4360000	4370000	4380000	4390000	4400000	4410000	4420000	4430000	4440000	4450000	4460000	4470000	4480000	0	1430000	170000	2070000	2480000	3060000
1290000	1300000	1310000	1320000	1330000	1340000	1350000	1360000	1370000	1380000	1390000	1400000	1410000	1420000	1430000	0	180000	2080000	2490000	3070000
30000	40000	50000	60000	70000	80000	90000	100000	110000	120000	130000	140000	150000	160000	170000	180000	0	2090000	2500000	3080000
1930000	1940000	1950000	1960000	1970000	1980000	1990000	2000000	2010000	2020000	2030000	2040000	2050000	2060000	2070000	2080000	2090000	0	2510000	3090000
2340000	2350000	2360000	2370000	2380000	2390000	2400000	2410000	2420000	2430000	2440000	2450000	2460000	2470000	2480000	2490000	2500000	2510000	0	3100000
2920000	2930000	2940000	2950000	2960000	2970000	2980000	2990000	3000000	3010000	3020000	3030000	3040000	3050000	3060000	3070000	3080000	3090000	3100000	0


