8
0.0245196
0.0346005
0.2323752
0.0486027
0.2164671
0.1270944
0.1985431
0.1177975
0	68	52	66	74	19	76	81
68	0	65	61	58	6	82	100
52	65	0	40	19	73	39	4
66	61	40	0	97	36	63	55
74	58	19	97	0	67	59	10
19	6	73	36	67	0	54	81
76	82	39	63	59	54	0	100
81	100	4	55	10	81	100	0
