6
0.0940161
0.0057427
0.2039837
0.3125242
0.3059503
0.0777830
0	68	52	66	74	19
68	0	65	61	58	6
52	65	0	40	19	73
66	61	40	0	97	36
74	58	19	97	0	67
19	6	73	36	67	0
