9
0.1516539
0.1285528
0.0760199
0.1652059
0.1523055
0.0276023
0.0333978
0.0827977
0.1824642
0	68	52	66	74	19	76	81	69
68	0	65	61	58	6	82	100	79
52	65	0	40	19	73	39	4	54
66	61	40	0	97	36	63	55	90
74	58	19	97	0	67	59	10	91
19	6	73	36	67	0	54	81	64
76	82	39	63	59	54	0	100	15
81	100	4	55	10	81	100	0	23
69	79	54	90	91	64	15	23	0
