7
0.0051784
0.0394850
0.2538218
0.1225523
0.0687674
0.2805616
0.2296336
0	68	52	66	74	19	76
68	0	65	61	58	6	82
52	65	0	40	19	73	39
66	61	40	0	97	36	63
74	58	19	97	0	67	59
19	6	73	36	67	0	54
76	82	39	63	59	54	0
