11
0.0784520
0.0195722
0.0178727
0.0715725
0.0202569
0.0442411
0.2179128
0.1539069
0.2114523
0.1388320
0.0259285
0	68	52	66	74	19	76	81	69	12	123
68	0	65	61	58	6	82	100	79	63	124
52	65	0	40	19	73	39	4	54	95	125
66	61	40	0	97	36	63	55	90	36	126
74	58	19	97	0	67	59	10	91	42	127
19	6	73	36	67	0	54	81	64	99	128
76	82	39	63	59	54	0	100	15	96	129
81	100	4	55	10	81	100	0	23	69	130
69	79	54	90	91	64	15	23	0	100	131
12	63	95	36	42	99	96	69	100	0	132
123	124	125	126	127	128	129	130	131	132	0
